# Created by Octave 5.2.0, Sun May 09 19:20:45 2021 GMT <unknown@DESKTOP-3JMCLOC>
# name: wpromedio
# type: matrix
# rows: 1
# columns: 3151
 453.30054203835834 453.30054421629114 453.30055075008966 453.30056163975348 453.30057688528251 453.30059648667623 453.30062044393401 453.30064875705523 453.30068142603903 453.30071845088463 453.30075983159065 453.30080556815614 453.30085566057971 453.30091010885997 453.3009689129953 453.30103207298396 453.30109958882417 453.30117146051407 453.30124768805149 453.3013282714341 453.30141321065986 453.30150250572615 453.30159615663047 453.30169416337003 453.30179652594217 453.30190324434369 453.30201431857176 453.30212974862303 453.30224953449431 453.3023736761819 453.3025021736824 453.30263502699216 453.30277223610722 453.30291380102369 453.30305972173744 453.30320999824426 453.30336463053993 453.30352361861986 453.3036869624795 453.30385466211425 453.30402671751915 453.30420312868927 453.30438389561954 453.30456901830479 453.30475849673951 453.30495233091841 453.30515052083598 453.30535306648625 453.30555996786359 453.30577122496192 453.30598683777515 453.30620680629721 453.3064311305215 453.30665981044189 453.3068928460516 453.30713023734376 453.30737198431177 453.30761808694865 453.30786854524706 453.30812335920018 453.30838252880028 453.30864605404003 453.30891393491191 453.30918617140821 453.30946276352086 453.30974371124216 453.3100290145639 453.31031867347775 453.31061268797544 453.31091105804865 453.31121378368857 453.31152086488652 453.31183230163367 453.31214809392111 453.31246824173962 453.31279274508006 453.31312160393304 453.31345481828902 453.31379238813861 453.31413431347175 453.3144805942789 453.31483123054988 453.31518622227463 453.31554556944303 453.31590927204445 453.31627733006871 453.31664974350502 453.31702651234275 453.31740763657092 453.31779311617868 453.31818295115482 453.31857714148816 453.31897568716727 453.31937858818071 453.31978584451696 453.32019745616407 453.32061342311039 453.3210337453437 453.32145842285217 453.32188745562331 453.32232084364483 453.3227585869044 453.32320068538922 453.32364713908646 453.32409794798343 453.32455311206718 453.3250126313244 453.32547650574207 453.32594473530668 453.32641732000462 453.32689425982255 453.32737555474648 453.32786120476266 453.32835120985709 453.32884557001569 453.32934428522407 453.32984735546796 453.33035478073276 453.33086656100403 453.33138269626693 453.33190318650651 453.33242803170788 453.33295723185574 453.33349078693504 453.33402869693037 453.33457096182616 453.33511758160682 453.33566855625651 453.33622388575947 453.33678357009961 453.33734760926086 453.33791600322706 453.33848875198157 453.33906585550807 453.33964731378995 453.34023312681035 453.34082329455242 453.34141781699918 453.34201669413346 453.34261992593815 453.34322751239557 453.34383945348839 453.34445574919908 453.34507639950959 453.34570140440246 453.34633076385921 453.346964477862 453.34760254639258 453.34824496943247 453.34889174696315 453.34954287896585 453.3501983654221 453.35085820631286 453.35152240161915 453.3521909513218 453.35286385540149 453.35354111383896 453.35422272661452 453.35490869370875 453.3555990151018 453.35629369077373 453.35699272070451 453.35769610487398 453.35840384326207 453.35911593584819 453.3598323826119 453.36055318353243 453.36127833858927 453.36200784776122 453.36274171102758 453.36347992836681 453.36422249975806 453.36496942517977 453.36572070461028 453.36647633802818 453.36723632541157 453.36800066673851 453.36876936198706 453.36954241113506 453.37031981416021 453.37110157104013 453.3718876817523 453.37267814627415 453.37347296458273 453.37427213665529 453.3750756624687 453.37588354199994 453.37669577522564 453.37751236212239 453.3783333026667 453.379158596835 453.37998824460334 453.38082224594797 453.38166060084484 453.38250330926979 453.38335037119839 453.38420178660647 453.38505755546947 453.38591767776262 453.38678215346113 453.38765098254015 453.38852416497474 453.38940170073971 453.39028358980971 453.39116983215939 453.39206042776328 453.39295537659552 453.39385467863053 453.39475833384233 453.39566634220495 453.39657870369211 453.39749541827769 453.39841648593517 453.39934190663809 453.40027168035971 453.40120580707332 453.4021442867521 453.40308711936882 453.40403430489636 453.40498584330766 453.40594173457515 453.40690197867116 453.40786657556828 453.4088355252386 453.40980882765433 453.41078648278722 453.41176849060935 453.41275485109225 453.41374556420772 453.41474062992705 453.41574004822155 453.41674381906273 453.41775194242138 453.41876441826849 453.4197812465751 453.42080242731174 453.42182796044909 453.42285784595765 453.42389208380763 453.42493067396936 453.42597361641299 453.42702091110829 453.42807255802529 453.42912855713365 453.4301889084029 453.4312536118025 453.432322667302 453.4333960748703 453.43447383447671 453.43555594609018 453.43664240967951 453.43773322521344 453.43882839266041 453.43992791198923 453.44103178316783 453.44214000616478 453.44325258094796 453.44436950748542 453.44549078574494 453.44661641569434 453.4477463973011 453.44888073053272 453.45001941535656 453.45116245174 453.45230983964984 453.45346157905323 453.4546176699169 453.45577811220767 453.45694290589199 453.45811205093651 453.4592855473075 453.46046339497127 453.46164559389359 453.46283214404093 453.46402304537867 453.46521829787275 453.46641790148868 453.46762185619195 453.46883016194812 453.47004281872199 453.47125982647907 453.47248118518405 453.47370689480186 453.47493695529732 453.47617136663484 453.47741012877896 453.47865324169408 453.47990070534439 453.48115251969398 453.4824086847068 453.48366920034681 453.48493406657747 453.48620328336278 453.48747685066576 453.48875476845006 453.49003703667876 453.49132365531506 453.49261462432185 453.493909943662 453.4952096132983 453.49651363319322 453.49782200330935 453.49913472360896 453.50045179405436 453.50177321460745 453.50309898523039 453.50442910588515 453.50576357653313 453.50710239713607 453.50844556765549 453.50979308805273 453.51114495828898 453.51250117832546 453.51386174812296 453.51522666764248 453.51659593684457 453.51796955569 453.51934752413911 453.52072984215249 453.52211650969019 453.52350752671231 453.52490289317882 453.52630260904965 453.5277066742845 453.52911508884284 453.53052785268443 453.53194496576833 453.53336642805402 453.53479223950052 453.53622240006666 453.53765690971159 453.53909576839379 453.54053897607201 453.54198653270453 453.54343843824995 453.5448946926665 453.54635529591212 453.54782024794486 453.54928954872264 453.55076319820313 453.55224119634403 453.55372354310271 453.55521023843653 453.55670128230287 453.55819667465875 453.55969641546113 453.56120050466689 453.56270894223292 453.56422172811557 453.56573886227159 453.56726034465714 453.56878617522852 453.57031635394191 453.57185088075329 453.57338975561845 453.57493297849322 453.57648054933316 453.5780324680938 453.57958873473063 453.58114934919865 453.58271431145306 453.584283621449 453.58585727914124 453.58743528448446 453.58901763743341 453.59060433794258 453.59219538596625 453.59379078145867 453.59539052437407 453.59699461466647 453.5986030522896 453.60021583719737 453.60183296934321 453.60345444868091 453.60508027516357 453.60671044874465 453.60834496937719 453.60998383701411 453.61162705160848 453.61327461311294 453.61492652148024 453.61658277666271 453.61824337861287 453.61990832728299 453.62157762262513 453.62325126459126 453.62492925313347 453.62661158820339 453.62829826975269 453.62998929773278 453.63168467209516 453.63338439279113 453.63508845977179 453.63679687298816 453.63850963239105 453.64022673793136 453.64194818955974 453.64367398722663 453.64540413088253 453.64713862047756 453.64887745596201 453.65062063728584 453.65236816439898 453.65412003725118 453.65587625579212 453.6576368199714 453.65940172973825 453.66117098504213 453.66294458583218 453.66472253205717 453.66650482366634 453.66829146060837 453.67008244283187 453.67187777028545 453.67367744291738 453.67548146067611 